 <pre>

 Contingency table for Cloud cover (octas)
 Selection: ALL    580 stations
Period: 20210201-20210226
Used {06} + 01 02 03 04 05 06
 Limits   0.500000000       1.50000000       2.50000000       3.50000000       4.50000000       5.50000000       6.50000000       7.50000000    
 Each class is data <= limit, the very last > last limit
 Total number of values       10653
                                                       OBSERVATION
                                    873      150      139       78       44       42       45       89      128 |      1588
                                    185       50       35       28       19       20       19       57       93 |       506
                                    119       29       16       17       15       16       17       43       84 |       356
                                     76       20        8       10       15        9       14       53       93 |       298
                           REF       62       17       15       10       15       13        9       32       98 |       271
                                     57       14       13       11       10       12       17       63      103 |       300
                                     74       18       15       15       17       13       20       61      173 |       406
                                    112       24       20       20       24       28       40      103      245 |       616
                                    396      140       77      133       72      170      278     1170     3876 |      6312

                    SUM            1954      462      338      322      231      323      459     1671     4893 |     10653
                                                       OBSERVATION
                                    795      151      129       74       43       39       40       80       98 |      1449
                                    171       40       44       27       19       19       21       59       69 |       469
                                    108       26       15       15       15       13       15       37       77 |       321
                                     89       23        9       11       16        9       10       34       78 |       279
                          lowp       78       16       10       12       16       12       15       29       85 |       273
                                     59        9       20       10        9        9       21       57       99 |       293
                                     86       16       12       16       16       14       24       61      157 |       402
                                    154       32       25       18       21       22       34      108      288 |       702
                                    414      149       74      139       76      186      279     1206     3942 |      6465

                    SUM            1954      462      338      322      231      323      459     1671     4893 |     10653

