 <pre>

 Contingency table for Visibility (m)
 Selection: ALL    696 stations
Period: 20210201-20210226
Used {06} + 00 01 02 03 04 05 06
 Limits    1000.00000       5000.00000       10000.0000       20000.0000    
 Each class is data <= limit, the very last > last limit
 Total number of values       15902
                                     OBSERVATION
                                     72      118       37       31       30 |       288
                                    150      798      486      470      443 |      2347
                           REF       31      335      365      629      635 |      1995
                                     12      143      231      616     1313 |      2315
                                     83      678     1038     2315     4843 |      8957

                    SUM             348     2072     2157     4061     7264 |     15902
                                     OBSERVATION
                                     72      126       43       34       30 |       305
                                    151      809      492      499      467 |      2418
                          lowp       31      334      375      585      736 |      2061
                                      5      128      201      569     1069 |      1972
                                     89      675     1046     2374     4962 |      9146

                    SUM             348     2072     2157     4061     7264 |     15902

